[18 19 21 22 35] sum: 40
[18 19 21 23 32] sum: 40
[18 19 21 24 29] sum: 40
[18 19 21 25 32] sum: 40
[18 19 21 31 32] sum: 40
[18 19 21 32 33] sum: 40
[18 19 23 32 35] sum: 40
[18 19 24 29 35] sum: 40
[18 19 25 32 35] sum: 40
[18 19 31 32 35] sum: 40
[18 19 32 33 35] sum: 40
[18 20 21 23 27] sum: 40
[18 20 21 25 27] sum: 40
[18 20 21 27 31] sum: 40
[18 20 21 27 33] sum: 40
[18 20 23 25 29] sum: 40
[18 20 23 27 35] sum: 40
[18 20 23 29 31] sum: 40
[18 20 23 29 33] sum: 40
[18 20 25 27 35] sum: 40
[18 20 25 29 31] sum: 40
[18 20 25 29 33] sum: 40
[18 20 27 31 35] sum: 40
[18 20 27 33 35] sum: 40
[18 20 29 31 33] sum: 40
[18 21 23 26 35] sum: 40
[18 21 23 30 35] sum: 40
[18 21 23 34 35] sum: 40
[18 21 25 26 35] sum: 40
[18 21 25 30 35] sum: 40
[18 21 25 34 35] sum: 40
[18 21 26 31 35] sum: 40
[18 21 26 33 35] sum: 40
[18 21 27 29 32] sum: 40
[18 21 30 31 35] sum: 40
[18 21 30 33 35] sum: 40
[18 21 31 34 35] sum: 40
[18 21 33 34 35] sum: 40
[18 22 23 25 27] sum: 40
[18 22 23 27 31] sum: 40
[18 22 23 27 33] sum: 40
[18 22 25 27 31] sum: 40
[18 22 25 27 33] sum: 40
[18 22 27 31 33] sum: 40
[18 27 29 32 35] sum: 40
[19 20 21 22 27] sum: 40
[19 20 22 23 29] sum: 40
[19 20 22 25 29] sum: 40
[19 20 22 27 35] sum: 40
[19 20 22 29 31] sum: 40
[19 20 22 29 33] sum: 40
[19 20 23 27 32] sum: 40
[19 20 24 27 29] sum: 40
[19 20 25 27 32] sum: 40
[19 20 27 31 32] sum: 40
[19 20 27 32 33] sum: 40
[19 21 22 26 35] sum: 40
[19 21 22 30 35] sum: 40
[19 21 22 34 35] sum: 40
[19 21 23 26 32] sum: 40
[19 21 23 30 32] sum: 40
[19 21 23 32 34] sum: 40
[19 21 24 26 29] sum: 40
[19 21 24 29 30] sum: 40
[19 21 24 29 34] sum: 40
[19 21 25 26 32] sum: 40
[19 21 25 30 32] sum: 40
[19 21 25 32 34] sum: 40
[19 21 26 31 32] sum: 40
[19 21 26 32 33] sum: 40
[19 21 28 32 35] sum: 40
[19 21 30 31 32] sum: 40
[19 21 30 32 33] sum: 40
[19 21 31 32 34] sum: 40
[19 21 32 33 34] sum: 40
[19 23 24 25 28] sum: 40
[19 23 24 28 31] sum: 40
[19 23 24 28 33] sum: 40
[19 23 26 32 35] sum: 40
[19 23 30 32 35] sum: 40
[19 23 32 34 35] sum: 40
[19 24 25 28 31] sum: 40
[19 24 25 28 33] sum: 40
[19 24 26 29 35] sum: 40
[19 24 28 31 33] sum: 40
[19 24 29 30 35] sum: 40
[19 24 29 34 35] sum: 40
[19 25 26 32 35] sum: 40
[19 25 30 32 35] sum: 40
[19 25 32 34 35] sum: 40
[19 26 31 32 35] sum: 40
[19 26 32 33 35] sum: 40
[19 30 31 32 35] sum: 40
[19 30 32 33 35] sum: 40
[19 31 32 34 35] sum: 40
[19 32 33 34 35] sum: 40
[20 21 23 26 27] sum: 40
[20 21 23 27 30] sum: 40
[20 21 23 27 34] sum: 40
[20 21 23 28 29] sum: 40
[20 21 25 26 27] sum: 40
[20 21 25 27 30] sum: 40
[20 21 25 27 34] sum: 40
[20 21 25 28 29] sum: 40
[20 21 26 27 31] sum: 40
[20 21 26 27 33] sum: 40
[20 21 27 28 35] sum: 40
[20 21 27 30 31] sum: 40
[20 21 27 30 33] sum: 40
[20 21 27 31 34] sum: 40
[20 21 27 33 34] sum: 40
[20 21 28 29 31] sum: 40
[20 21 28 29 33] sum: 40
[20 23 25 26 29] sum: 40
[20 23 25 29 30] sum: 40
[20 23 25 29 34] sum: 40
[20 23 26 27 35] sum: 40
[20 23 26 29 31] sum: 40
[20 23 26 29 33] sum: 40
[20 23 27 30 35] sum: 40
[20 23 27 34 35] sum: 40
[20 23 28 29 35] sum: 40
[20 23 29 30 31] sum: 40
[20 23 29 30 33] sum: 40
[20 23 29 31 34] sum: 40
[20 23 29 33 34] sum: 40
[20 25 26 27 35] sum: 40
[20 25 26 29 31] sum: 40
[20 25 26 29 33] sum: 40
[20 25 27 30 35] sum: 40
[20 25 27 34 35] sum: 40
[20 25 28 29 35] sum: 40
[20 25 29 30 31] sum: 40
[20 25 29 30 33] sum: 40
[20 25 29 31 34] sum: 40
[20 25 29 33 34] sum: 40
[20 26 27 31 35] sum: 40
[20 26 27 33 35] sum: 40
[20 26 29 31 33] sum: 40
[20 27 30 31 35] sum: 40
[20 27 30 33 35] sum: 40
[20 27 31 34 35] sum: 40
[20 27 33 34 35] sum: 40
[20 28 29 31 35] sum: 40
[20 28 29 33 35] sum: 40
[20 29 30 31 33] sum: 40
[20 29 31 33 34] sum: 40
[21 22 23 27 28] sum: 40
[21 22 25 27 28] sum: 40
[21 22 27 28 31] sum: 40
[21 22 27 28 33] sum: 40
[21 23 26 30 35] sum: 40
[21 23 26 34 35] sum: 40
[21 23 30 34 35] sum: 40
[21 25 26 30 35] sum: 40
[21 25 26 34 35] sum: 40
[21 25 30 34 35] sum: 40
[21 26 27 29 32] sum: 40
[21 26 30 31 35] sum: 40
[21 26 30 33 35] sum: 40
[21 26 31 34 35] sum: 40
[21 26 33 34 35] sum: 40
[21 27 29 30 32] sum: 40
[21 27 29 32 34] sum: 40
[21 30 31 34 35] sum: 40
[21 30 33 34 35] sum: 40
[22 23 25 26 27] sum: 40
[22 23 25 27 30] sum: 40
[22 23 25 27 34] sum: 40
[22 23 25 28 29] sum: 40
[22 23 26 27 31] sum: 40
[22 23 26 27 33] sum: 40
[22 23 27 28 35] sum: 40
[22 23 27 30 31] sum: 40
[22 23 27 30 33] sum: 40
[22 23 27 31 34] sum: 40
[22 23 27 33 34] sum: 40
[22 23 28 29 31] sum: 40
[22 23 28 29 33] sum: 40
[22 25 26 27 31] sum: 40
[22 25 26 27 33] sum: 40
[22 25 27 28 35] sum: 40
[22 25 27 30 31] sum: 40
[22 25 27 30 33] sum: 40
[22 25 27 31 34] sum: 40
[22 25 27 33 34] sum: 40
[22 25 28 29 31] sum: 40
[22 25 28 29 33] sum: 40
[22 26 27 31 33] sum: 40
[22 27 28 31 35] sum: 40
[22 27 28 33 35] sum: 40
[22 27 30 31 33] sum: 40
[22 27 31 33 34] sum: 40
[22 28 29 31 33] sum: 40
[23 24 27 28 29] sum: 40
[23 25 27 28 32] sum: 40
[23 27 28 31 32] sum: 40
[23 27 28 32 33] sum: 40
[24 25 27 28 29] sum: 40
[24 27 28 29 31] sum: 40
[24 27 28 29 33] sum: 40
[25 27 28 31 32] sum: 40
[25 27 28 32 33] sum: 40
[26 27 29 32 35] sum: 40
[27 28 31 32 33] sum: 40
[27 29 30 32 35] sum: 40
[27 29 32 34 35] sum: 40
